000
506
824
1129
1424
1716
2013
2305
2600
2967
3267
3613
3923
4229
4531
4824
5120
5440
5740
6050
6374
6684
6998
7292
7607
7900
8226
8568
8883
9166
9458
9810
10117
10404
10709
11009
11312
11639
11935
12224
12517
12867
13188
13487
13812
14144
14441
14733
15022
15305
15599
15907
16192
16487
16804
17186
17487
17792
18144
18436
18767
19091
19381
19700
19993
20297
20602
20905
21195
21539
21821
22191
22506
22850
23187
23476
23761
24088
24385
24672
24981
25271
25583
25912
26210
26512
26818
27099
27423
27708
28027
28345
28633
28934
29226
29526
29808
30099
30417
30767
31074
31429
31726
32024
32328
32615
32926
33221
33539
33827
34120
34416
34739
35046
35369
35683
35967
36252
36559
36854
37140
37428
37732
38030
38313
38618
38910
39276
39570
39872
40161
40526
40861
41148
41488
41785
42127
42460
42739
43041
43321
43628
43966
44319
44635
44952
45233
45535
45845
46150
46463
46803
47111
47424
47748
48049
48340
48659
48975
49291
49586
49900
50197
50505
50818
51108
51399
51731
52083
52385
52723
53027
53345
53701
53987
54284
54576
54875
55173
55495
55789
56121
56405
56701
57037
57347
57656
57960
58278
58565
58868
59195
59519
59797
60113
60408
60694
60977
61262
61627
61931
62228
62539
62841
63197
63495
63779
64096
64395
64702
64984
65314
65596
65901
66257
66544
66858
67160
67484
67818
68110
68399
68699
69047
69331
69633
69967
70245
70660
70948
71245
71602
71911
72206
72513
72829
73143
73433
73748
74059
74347
74643
74933
75233
75539
75844
76136
76417
76799
77113
77441
77733
78046
78431
78722
79081
79380
79735
80154
80450
80750
81069
81353
81679
81974
82258
82581
82876
83174
83464
83788
84110
84411
84711
84996
85302
85689
85998
86310
86610
86893
87177
87476
87768
88075
88384
88671
89006
89309
89637
89935
90213
90638
90924
91240
91542
91840
92117
92437
92763
93067
93369
93663
93982
94272
94599
94919
95202
95587
95945
96270
96573
96924
97223
97520
97812
98097
98416
98714
99006
99297
99671
99965
100268
100562
100860
101172
101545
101848
102127
102412
102705
103067
103363
103663
103977
104265
104617
104897
105203
105494
105824
106147
106462
106812
107137
107442
107734
108016
108301
108685
108996
109327
109634
109924
110217
110543
110892
111186
111515
111798
112087
112407
112764
113067
113401
113724
114026
114338
114670
114964
115287
115581
115897
116186
116524
116825
117113
117394
117692
117998
118292
118642
118941
119240
119560
119871
120180
120489
120782
121068
121350
121637
121940
122249
122529
122836
123219
123510
123818
124101
124406
124685
124968
125261
125562
125843
126143
126500
126788
127085
127442
127797
128108
128400
128722
129034
129318
129631
129957
130253
130576
130876
131179
131485
131856
132143
132426
132714
132997
133296
133586
133903
134212
134502
134831
135130
135440
135729
136016
136310
136605
136884
137161
137464
137762
138047
138344
138638
138966
139298
139587
139923
140246
140549
140851
141139
141435
141739
142053
142381
142686
142965
143264
143584
143903
144240
144544
144835
145189
145471
145789
146115
146401
146694
146982
147267
147578
147853
148177
148463
148767
149059
149342
149621
149912
150238
150559
150843
151160
151473
151755
152039
152342
152676
152981
153316
153640
153991
154319
154603
154893
155223
155511
155822
156120
156404
156711
156995
157280
157585
157914
158241
158549
158842
159138
159437
159741
160062
160366
160669
160966
161305
161583
161869
162168
162450
162723
163024
163298
163578
163907
164192
164474
164765
165045
165342
165680
165981
166287
166580
166918
167205
167537
167835
168127
168417
168711
169008
169306
169597
169901
170188
170512
170835
171133
171426
171714
172036
172325
172615
172976
173270
173548
173855
174181
174500
174833
175141
175431
175737
176055
176379
176661
176944
177274
177575
177855
178135
178481
178835
179141
179467
179765
180094
180404
180691
180987
181347
181647
181943
182258
182536
182827
183138
183459
183779
184080
184361
184686
184980
185285
185591
185872
186145
186424
186744
187064
187340
187627
187922
188207
188517
188795
189090
189371
189653
189945
190277
190607
190927
191216
191516
191810
192117
192414
192736
193062
193345
193633
193908
194187
194497
194802
195086
195405
195701
196032
196326
196701
196982
197268
197623
197938
198248
198594
198898
199204
199535
199822
200118
200419
200720
201018
201349
201658
201940
202270
202606
202903
203208
203489
203802
204091
204380
204679
204965
205245
205531
205816
206098
206368
206655
206981
207278
207564
207845
208164
208496
208777
209113
209390
209702
210078
210375
210693
210984
211282
211603
211882
212176
212485
212805
213103
213402
213693
213988
214286
214576
214870
215171
215459
215785
216076
216357
216658
216968
217271
217559
217845
218215
218506
218817
219133
219443
219725
220034
220313
220627
220939
221236
221522
221807
222112
222397
222753
223040
223373
223660
223964
224289
224582
224898
225192
225486
225776
226102
226441
226792
227077
227399
227674
227964
228265
228598
228895
229214
229493
229803
230113
230393
230746
231033
231330
231623
231970
232275
232560
232891
233200
233485
233797
234081
234360
234668
234947
235260
235551
235881
236154
236469
236756
237043
237359
237639
237945
238233
238548
238891
239226
239519
239801
240126
240444
240738
241082
241361
241637
241954
242250
242550
242863
243152
243460
243796
244158
244442
244757
245070
245442
245735
246038
246345
246642
246923
247221
247523
247813
248116
248425
248733
249013
249345
249646
249951
250246
250553
250844
251150
251470
251753
252030
252340
252619
252981
253294
253594
253891
254166
254472
254752
255076
255364
255662
255934
256261
256545
256847
257209
257517
257800
258104
258409
258704
258975
259297
259631
259993
260317
260621
260951
261243
261535
261851
262129
262443
262744
263022
263357
263640
263958
264233
264603
264885
265170
265473
265787
266072
266357
266648
266957
267258
267541
267842
268141
268462
268747
269063
269351
269623
269903
270196
270484
270831
271126
271480
271798
272122
272424
272732
273025
273316
273605
273900
274184
274527
274825
275131
275435
275724
276036
276339
276643
276953
277231
277507
277795
278080
278349
278636
278949
279270
279568
279880
280168
280484
280779
281072
281353
281639
281911
282194
282481
282792
283090
283383
283667
283964
284240
284523
284832
285140
285432
285745
286044
286380
286654
286955
287236
287530
287838
288133
288439
288743
289048
289357
289719
289996
290277
290564
290892
291180
291461
291762
292049
292350
292666
292940
293240
293515
293799
294090
294382
294683
294996
295286
295565
295870
296157
296476
296786
297061
297379
297663
297958
298233
298587
298860
299143
299436
299712
300009
300286
300561
300881
301182
301497
301792
302115
302404
302699
303003
303291
303625
303909
304191
304503
304795
305083
305366
305658
305965
306299
306618
306911
307230
307506
307797
308115
308415
308761
309042
309348
309644
309985
310296
310606
310897
311167
311448
311749
312045
312327
312627
312917
313217
313490
313777
314065
314356
314698
315035
315328
315619
315905
316189
316473
316774
317057
317354
317641
317955
318276
318565
318908
319222
319505
319795
320072
320401
320693
320979
321261
321565
321875
322162
322443
322733
323034
323326
323622
323927
324213
324504
324833
325109
325393
325680
326006
326294
326567
326875
327161
327497
327783
328067
328360
328653
328966
329248
329560
329835
330167
330439
330746
331058
331349
331656
331983
332312
332645
332961
333254
333538
333829
334105
334463
334773
335063
335347
335625
335921
336208
336501
336789
337090
337395
337665
337964
338254
338556
338862
339136
339467
339787
340065
340357
340682
340980
341261
341556
341869
342156
342445
342769
343085
343403
343703
344016
344311
344578
344874
345162
345431
345717
345991
346305
346603
346907
347197
347484
347759
348042
348338
348661
348923
349228
349515
349824
350117
350438
350748
351029
351306
351598
351916
352224
352521
352891
353207
353496
353810
354144
354461
354771
355058
355343
355629
355910
356212
356545
356845
357152
357453
357744
358068
358371
358659
359010
359329
359654
359939
360220
360499
360810
361081
361389
361664
361959
362242
362568
362892
363193
363510
363828
364133
364446
364729
365012
365330
365613
365912
366248
366553
366830
367105
367382
367686
367972
368279
368585
368895
369251
369601
369896
370266
370541
370840
371160
371475
371801
372094
372374
372655
372947
373244
373553
373899
374180
374532
374813
375088
375359
375640
375921
376204
376499
376812
377101
377439
377768
378126
378403
378680
379005
379373
379745
380035
380326
380687
381029
381381
381682
382012
382295
382595